15
15
0 0 0 0 0 0 0 0 0 0 0 0 0 0 0
0 1 0 1 0 1 1 0 0 1 1 0 0 1 0
0 1 0 1 0 1 1 0 0 1 1 0 0 1 0
0 1 0 1 0 1 1 0 0 1 1 0 0 1 0
0 1 0 1 0 1 1 0 0 1 1 0 0 1 0
0 1 0 1 0 1 1 0 0 1 1 0 0 1 0
0 0 0 0 0 0 0 0 0 0 0 0 0 0 0
0 0 0 0 0 0 0 0 0 0 0 0 0 0 3
0 0 0 0 0 0 0 0 0 0 0 0 0 0 0
0 1 0 1 1 0 0 1 0 0 1 1 0 1 0
0 1 0 1 1 0 0 1 0 0 1 1 0 1 0
0 1 0 1 1 0 0 1 0 0 1 1 0 1 0
0 1 0 1 1 0 0 1 0 0 1 1 0 1 0
0 1 0 1 1 0 0 1 0 0 1 1 0 1 0
0 0 0 0 0 0 0 0 0 0 0 0 0 0 0
9
3
3 0
5 11
9 12
0 0
4 2
13 2
12 9
14 11
0 9
6 0
7 0
8 0